{
 "cells": [
  {
   "cell_type": "code",
   "execution_count": 1,
   "metadata": {},
   "outputs": [],
   "source": [
    "import pandas as pd\n",
    "import numpy as np\n",
    "import matplotlib.pyplot as plt\n",
    "import seaborn as sns\n",
    "%matplotlib inline"
   ]
  },
  {
   "cell_type": "code",
   "execution_count": 2,
   "metadata": {},
   "outputs": [
    {
     "name": "stdout",
     "output_type": "stream",
     "text": [
      "       instant  mnth  hr  weekday  temp   hum  windspeed  casual  registered\n",
      "0            1     1   0        6  0.24  0.81     0.0000       3          13\n",
      "1            2     1   1        6  0.22  0.80     0.0000       8          32\n",
      "2            3     1   2        6  0.22  0.80     0.0000       5          27\n",
      "3            4     1   3        6  0.24  0.75     0.0000       3          10\n",
      "4            5     1   4        6  0.24  0.75     0.0000       0           1\n",
      "...        ...   ...  ..      ...   ...   ...        ...     ...         ...\n",
      "17374    17375    12  19        1  0.26  0.60     0.1642      11         108\n",
      "17375    17376    12  20        1  0.26  0.60     0.1642       8          81\n",
      "17376    17377    12  21        1  0.26  0.60     0.1642       7          83\n",
      "17377    17378    12  22        1  0.26  0.56     0.1343      13          48\n",
      "17378    17379    12  23        1  0.26  0.65     0.1343      12          37\n",
      "\n",
      "[17379 rows x 9 columns]\n"
     ]
    }
   ],
   "source": [
    "data = pd.read_excel (r'C:\\Users\\madhu\\Downloads\\BikeSharing.xlsx')\n",
    "df = pd.DataFrame(data, columns= ['instant','mnth','hr','weekday','temp','hum','windspeed','casual','registered'])\n",
    "print (df)"
   ]
  },
  {
   "cell_type": "code",
   "execution_count": 3,
   "metadata": {
    "scrolled": true
   },
   "outputs": [
    {
     "data": {
      "text/html": [
       "<div>\n",
       "<style scoped>\n",
       "    .dataframe tbody tr th:only-of-type {\n",
       "        vertical-align: middle;\n",
       "    }\n",
       "\n",
       "    .dataframe tbody tr th {\n",
       "        vertical-align: top;\n",
       "    }\n",
       "\n",
       "    .dataframe thead th {\n",
       "        text-align: right;\n",
       "    }\n",
       "</style>\n",
       "<table border=\"1\" class=\"dataframe\">\n",
       "  <thead>\n",
       "    <tr style=\"text-align: right;\">\n",
       "      <th></th>\n",
       "      <th>instant</th>\n",
       "      <th>mnth</th>\n",
       "      <th>hr</th>\n",
       "      <th>weekday</th>\n",
       "      <th>temp</th>\n",
       "      <th>hum</th>\n",
       "      <th>windspeed</th>\n",
       "      <th>casual</th>\n",
       "      <th>registered</th>\n",
       "    </tr>\n",
       "  </thead>\n",
       "  <tbody>\n",
       "    <tr>\n",
       "      <th>0</th>\n",
       "      <td>1</td>\n",
       "      <td>1</td>\n",
       "      <td>0</td>\n",
       "      <td>6</td>\n",
       "      <td>0.24</td>\n",
       "      <td>0.81</td>\n",
       "      <td>0.0</td>\n",
       "      <td>3</td>\n",
       "      <td>13</td>\n",
       "    </tr>\n",
       "    <tr>\n",
       "      <th>1</th>\n",
       "      <td>2</td>\n",
       "      <td>1</td>\n",
       "      <td>1</td>\n",
       "      <td>6</td>\n",
       "      <td>0.22</td>\n",
       "      <td>0.80</td>\n",
       "      <td>0.0</td>\n",
       "      <td>8</td>\n",
       "      <td>32</td>\n",
       "    </tr>\n",
       "    <tr>\n",
       "      <th>2</th>\n",
       "      <td>3</td>\n",
       "      <td>1</td>\n",
       "      <td>2</td>\n",
       "      <td>6</td>\n",
       "      <td>0.22</td>\n",
       "      <td>0.80</td>\n",
       "      <td>0.0</td>\n",
       "      <td>5</td>\n",
       "      <td>27</td>\n",
       "    </tr>\n",
       "    <tr>\n",
       "      <th>3</th>\n",
       "      <td>4</td>\n",
       "      <td>1</td>\n",
       "      <td>3</td>\n",
       "      <td>6</td>\n",
       "      <td>0.24</td>\n",
       "      <td>0.75</td>\n",
       "      <td>0.0</td>\n",
       "      <td>3</td>\n",
       "      <td>10</td>\n",
       "    </tr>\n",
       "    <tr>\n",
       "      <th>4</th>\n",
       "      <td>5</td>\n",
       "      <td>1</td>\n",
       "      <td>4</td>\n",
       "      <td>6</td>\n",
       "      <td>0.24</td>\n",
       "      <td>0.75</td>\n",
       "      <td>0.0</td>\n",
       "      <td>0</td>\n",
       "      <td>1</td>\n",
       "    </tr>\n",
       "  </tbody>\n",
       "</table>\n",
       "</div>"
      ],
      "text/plain": [
       "   instant  mnth  hr  weekday  temp   hum  windspeed  casual  registered\n",
       "0        1     1   0        6  0.24  0.81        0.0       3          13\n",
       "1        2     1   1        6  0.22  0.80        0.0       8          32\n",
       "2        3     1   2        6  0.22  0.80        0.0       5          27\n",
       "3        4     1   3        6  0.24  0.75        0.0       3          10\n",
       "4        5     1   4        6  0.24  0.75        0.0       0           1"
      ]
     },
     "execution_count": 3,
     "metadata": {},
     "output_type": "execute_result"
    }
   ],
   "source": [
    "df.head()"
   ]
  },
  {
   "cell_type": "code",
   "execution_count": 4,
   "metadata": {},
   "outputs": [
    {
     "name": "stdout",
     "output_type": "stream",
     "text": [
      "<class 'pandas.core.frame.DataFrame'>\n",
      "RangeIndex: 17379 entries, 0 to 17378\n",
      "Data columns (total 9 columns):\n",
      " #   Column      Non-Null Count  Dtype  \n",
      "---  ------      --------------  -----  \n",
      " 0   instant     17379 non-null  int64  \n",
      " 1   mnth        17379 non-null  int64  \n",
      " 2   hr          17379 non-null  int64  \n",
      " 3   weekday     17379 non-null  int64  \n",
      " 4   temp        17379 non-null  float64\n",
      " 5   hum         17379 non-null  float64\n",
      " 6   windspeed   17379 non-null  float64\n",
      " 7   casual      17379 non-null  int64  \n",
      " 8   registered  17379 non-null  int64  \n",
      "dtypes: float64(3), int64(6)\n",
      "memory usage: 1.2 MB\n"
     ]
    }
   ],
   "source": [
    "df.info()"
   ]
  },
  {
   "cell_type": "code",
   "execution_count": 5,
   "metadata": {},
   "outputs": [
    {
     "data": {
      "text/html": [
       "<div>\n",
       "<style scoped>\n",
       "    .dataframe tbody tr th:only-of-type {\n",
       "        vertical-align: middle;\n",
       "    }\n",
       "\n",
       "    .dataframe tbody tr th {\n",
       "        vertical-align: top;\n",
       "    }\n",
       "\n",
       "    .dataframe thead th {\n",
       "        text-align: right;\n",
       "    }\n",
       "</style>\n",
       "<table border=\"1\" class=\"dataframe\">\n",
       "  <thead>\n",
       "    <tr style=\"text-align: right;\">\n",
       "      <th></th>\n",
       "      <th>instant</th>\n",
       "      <th>mnth</th>\n",
       "      <th>hr</th>\n",
       "      <th>weekday</th>\n",
       "      <th>temp</th>\n",
       "      <th>hum</th>\n",
       "      <th>windspeed</th>\n",
       "      <th>casual</th>\n",
       "      <th>registered</th>\n",
       "    </tr>\n",
       "  </thead>\n",
       "  <tbody>\n",
       "    <tr>\n",
       "      <th>count</th>\n",
       "      <td>17379.0000</td>\n",
       "      <td>17379.000000</td>\n",
       "      <td>17379.000000</td>\n",
       "      <td>17379.000000</td>\n",
       "      <td>17379.000000</td>\n",
       "      <td>17379.000000</td>\n",
       "      <td>17379.000000</td>\n",
       "      <td>17379.000000</td>\n",
       "      <td>17379.000000</td>\n",
       "    </tr>\n",
       "    <tr>\n",
       "      <th>mean</th>\n",
       "      <td>8690.0000</td>\n",
       "      <td>6.537775</td>\n",
       "      <td>11.546752</td>\n",
       "      <td>3.003683</td>\n",
       "      <td>0.496987</td>\n",
       "      <td>0.627229</td>\n",
       "      <td>0.190098</td>\n",
       "      <td>35.676218</td>\n",
       "      <td>153.786869</td>\n",
       "    </tr>\n",
       "    <tr>\n",
       "      <th>std</th>\n",
       "      <td>5017.0295</td>\n",
       "      <td>3.438776</td>\n",
       "      <td>6.914405</td>\n",
       "      <td>2.005771</td>\n",
       "      <td>0.192556</td>\n",
       "      <td>0.192930</td>\n",
       "      <td>0.122340</td>\n",
       "      <td>49.305030</td>\n",
       "      <td>151.357286</td>\n",
       "    </tr>\n",
       "    <tr>\n",
       "      <th>min</th>\n",
       "      <td>1.0000</td>\n",
       "      <td>1.000000</td>\n",
       "      <td>0.000000</td>\n",
       "      <td>0.000000</td>\n",
       "      <td>0.020000</td>\n",
       "      <td>0.000000</td>\n",
       "      <td>0.000000</td>\n",
       "      <td>0.000000</td>\n",
       "      <td>0.000000</td>\n",
       "    </tr>\n",
       "    <tr>\n",
       "      <th>25%</th>\n",
       "      <td>4345.5000</td>\n",
       "      <td>4.000000</td>\n",
       "      <td>6.000000</td>\n",
       "      <td>1.000000</td>\n",
       "      <td>0.340000</td>\n",
       "      <td>0.480000</td>\n",
       "      <td>0.104500</td>\n",
       "      <td>4.000000</td>\n",
       "      <td>34.000000</td>\n",
       "    </tr>\n",
       "    <tr>\n",
       "      <th>50%</th>\n",
       "      <td>8690.0000</td>\n",
       "      <td>7.000000</td>\n",
       "      <td>12.000000</td>\n",
       "      <td>3.000000</td>\n",
       "      <td>0.500000</td>\n",
       "      <td>0.630000</td>\n",
       "      <td>0.194000</td>\n",
       "      <td>17.000000</td>\n",
       "      <td>115.000000</td>\n",
       "    </tr>\n",
       "    <tr>\n",
       "      <th>75%</th>\n",
       "      <td>13034.5000</td>\n",
       "      <td>10.000000</td>\n",
       "      <td>18.000000</td>\n",
       "      <td>5.000000</td>\n",
       "      <td>0.660000</td>\n",
       "      <td>0.780000</td>\n",
       "      <td>0.253700</td>\n",
       "      <td>48.000000</td>\n",
       "      <td>220.000000</td>\n",
       "    </tr>\n",
       "    <tr>\n",
       "      <th>max</th>\n",
       "      <td>17379.0000</td>\n",
       "      <td>12.000000</td>\n",
       "      <td>23.000000</td>\n",
       "      <td>6.000000</td>\n",
       "      <td>1.000000</td>\n",
       "      <td>1.000000</td>\n",
       "      <td>0.850700</td>\n",
       "      <td>367.000000</td>\n",
       "      <td>886.000000</td>\n",
       "    </tr>\n",
       "  </tbody>\n",
       "</table>\n",
       "</div>"
      ],
      "text/plain": [
       "          instant          mnth            hr       weekday          temp  \\\n",
       "count  17379.0000  17379.000000  17379.000000  17379.000000  17379.000000   \n",
       "mean    8690.0000      6.537775     11.546752      3.003683      0.496987   \n",
       "std     5017.0295      3.438776      6.914405      2.005771      0.192556   \n",
       "min        1.0000      1.000000      0.000000      0.000000      0.020000   \n",
       "25%     4345.5000      4.000000      6.000000      1.000000      0.340000   \n",
       "50%     8690.0000      7.000000     12.000000      3.000000      0.500000   \n",
       "75%    13034.5000     10.000000     18.000000      5.000000      0.660000   \n",
       "max    17379.0000     12.000000     23.000000      6.000000      1.000000   \n",
       "\n",
       "                hum     windspeed        casual    registered  \n",
       "count  17379.000000  17379.000000  17379.000000  17379.000000  \n",
       "mean       0.627229      0.190098     35.676218    153.786869  \n",
       "std        0.192930      0.122340     49.305030    151.357286  \n",
       "min        0.000000      0.000000      0.000000      0.000000  \n",
       "25%        0.480000      0.104500      4.000000     34.000000  \n",
       "50%        0.630000      0.194000     17.000000    115.000000  \n",
       "75%        0.780000      0.253700     48.000000    220.000000  \n",
       "max        1.000000      0.850700    367.000000    886.000000  "
      ]
     },
     "execution_count": 5,
     "metadata": {},
     "output_type": "execute_result"
    }
   ],
   "source": [
    "df.describe()"
   ]
  },
  {
   "cell_type": "code",
   "execution_count": 6,
   "metadata": {},
   "outputs": [
    {
     "name": "stdout",
     "output_type": "stream",
     "text": [
      "       instant  mnth  hr  weekday  temp   hum  windspeed  casual  registered\n",
      "0            1     1   0        6  0.24  0.81     0.0000       3          13\n",
      "2            3     1   2        6  0.22  0.80     0.0000       5          27\n",
      "4            5     1   4        6  0.24  0.75     0.0000       0           1\n",
      "6            7     1   6        6  0.22  0.80     0.0000       2           0\n",
      "8            9     1   8        6  0.24  0.75     0.0000       1           7\n",
      "...        ...   ...  ..      ...   ...   ...        ...     ...         ...\n",
      "17370    17371    12  15        1  0.28  0.45     0.1343      69         246\n",
      "17372    17373    12  17        1  0.26  0.48     0.0896      14         150\n",
      "17374    17375    12  19        1  0.26  0.60     0.1642      11         108\n",
      "17376    17377    12  21        1  0.26  0.60     0.1642       7          83\n",
      "17378    17379    12  23        1  0.26  0.65     0.1343      12          37\n",
      "\n",
      "[8690 rows x 9 columns]\n"
     ]
    }
   ],
   "source": [
    "df_train = df[df.instant % 2 != 0]\n",
    "print(df_train)"
   ]
  },
  {
   "cell_type": "code",
   "execution_count": 54,
   "metadata": {},
   "outputs": [
    {
     "name": "stdout",
     "output_type": "stream",
     "text": [
      "       instant  mnth  hr  weekday  temp   hum  windspeed  casual  registered\n",
      "4            5     1   4        6  0.24  0.75     0.0000       0           1\n",
      "9           10     1   9        6  0.32  0.76     0.0000       8           6\n",
      "14          15     1  14        6  0.46  0.72     0.2836      35          71\n",
      "19          20     1  19        6  0.42  0.88     0.2537       6          31\n",
      "24          25     1   0        0  0.46  0.88     0.2985       4          13\n",
      "...        ...   ...  ..      ...   ...   ...        ...     ...         ...\n",
      "17354    17355    12  23        0  0.20  0.51     0.2239      10          39\n",
      "17359    17360    12   4        1  0.14  0.69     0.1045       0           3\n",
      "17364    17365    12   9        1  0.18  0.64     0.1045      13         144\n",
      "17369    17370    12  14        1  0.28  0.45     0.2239      62         185\n",
      "17374    17375    12  19        1  0.26  0.60     0.1642      11         108\n",
      "\n",
      "[3475 rows x 9 columns]\n"
     ]
    }
   ],
   "source": [
    "df_test = df[df.instant % 5 == 0]\n",
    "print(df_test)"
   ]
  },
  {
   "cell_type": "code",
   "execution_count": 7,
   "metadata": {},
   "outputs": [],
   "source": [
    "y_train=df_train[['casual','registered']]\n",
    "x_train=df_train[['mnth','hr','weekday','temp','hum','windspeed']]"
   ]
  },
  {
   "cell_type": "code",
   "execution_count": null,
   "metadata": {},
   "outputs": [],
   "source": []
  },
  {
   "cell_type": "code",
   "execution_count": 8,
   "metadata": {},
   "outputs": [
    {
     "data": {
      "text/plain": [
       "8690"
      ]
     },
     "execution_count": 8,
     "metadata": {},
     "output_type": "execute_result"
    }
   ],
   "source": [
    "mnth = df_train['mnth'].values.tolist()\n",
    "len(mnth)"
   ]
  },
  {
   "cell_type": "code",
   "execution_count": 9,
   "metadata": {},
   "outputs": [
    {
     "data": {
      "text/plain": [
       "8690"
      ]
     },
     "execution_count": 9,
     "metadata": {},
     "output_type": "execute_result"
    }
   ],
   "source": [
    "hr = df_train['hr'].values.tolist() #convert data to list \n",
    "len(hr)"
   ]
  },
  {
   "cell_type": "code",
   "execution_count": 10,
   "metadata": {},
   "outputs": [
    {
     "data": {
      "text/plain": [
       "8690"
      ]
     },
     "execution_count": 10,
     "metadata": {},
     "output_type": "execute_result"
    }
   ],
   "source": [
    "weekday = df_train['weekday'].values.tolist()\n",
    "len(weekday)"
   ]
  },
  {
   "cell_type": "code",
   "execution_count": 11,
   "metadata": {},
   "outputs": [
    {
     "data": {
      "text/plain": [
       "8690"
      ]
     },
     "execution_count": 11,
     "metadata": {},
     "output_type": "execute_result"
    }
   ],
   "source": [
    "temp = df_train['temp'].values.tolist() #convert data to list \n",
    "len(temp)"
   ]
  },
  {
   "cell_type": "code",
   "execution_count": 12,
   "metadata": {},
   "outputs": [
    {
     "data": {
      "text/plain": [
       "8690"
      ]
     },
     "execution_count": 12,
     "metadata": {},
     "output_type": "execute_result"
    }
   ],
   "source": [
    "hum = df_train['hum'].values.tolist()\n",
    "len(hum)"
   ]
  },
  {
   "cell_type": "code",
   "execution_count": 13,
   "metadata": {
    "scrolled": true
   },
   "outputs": [
    {
     "data": {
      "text/plain": [
       "8690"
      ]
     },
     "execution_count": 13,
     "metadata": {},
     "output_type": "execute_result"
    }
   ],
   "source": [
    "windspeed = df_train['windspeed'].values.tolist()\n",
    "len(windspeed)"
   ]
  },
  {
   "cell_type": "code",
   "execution_count": 14,
   "metadata": {},
   "outputs": [
    {
     "data": {
      "text/plain": [
       "8690"
      ]
     },
     "execution_count": 14,
     "metadata": {},
     "output_type": "execute_result"
    }
   ],
   "source": [
    "casual = df_train['casual'].values.tolist()\n",
    "len(casual)"
   ]
  },
  {
   "cell_type": "code",
   "execution_count": 15,
   "metadata": {},
   "outputs": [
    {
     "data": {
      "text/plain": [
       "8690"
      ]
     },
     "execution_count": 15,
     "metadata": {},
     "output_type": "execute_result"
    }
   ],
   "source": [
    "registered = df_train['registered'].values.tolist()\n",
    "len(registered)"
   ]
  },
  {
   "cell_type": "code",
   "execution_count": 16,
   "metadata": {},
   "outputs": [
    {
     "name": "stdout",
     "output_type": "stream",
     "text": [
      "[]\n",
      "[]\n"
     ]
    }
   ],
   "source": [
    "list = []\n",
    "reg = []\n",
    "print(reg)\n",
    "#gir = []\n",
    "print(list)"
   ]
  },
  {
   "cell_type": "code",
   "execution_count": 17,
   "metadata": {},
   "outputs": [],
   "source": [
    "#cross correlation"
   ]
  },
  {
   "cell_type": "code",
   "execution_count": 18,
   "metadata": {},
   "outputs": [
    {
     "name": "stdout",
     "output_type": "stream",
     "text": [
      "244.67364787111788\n"
     ]
    }
   ],
   "source": [
    "crosscorrel1 = sum([((mnth * casual)/8690) for mnth,casual in zip(mnth,casual)])\n",
    "print(crosscorrel1)"
   ]
  },
  {
   "cell_type": "code",
   "execution_count": 19,
   "metadata": {},
   "outputs": [
    {
     "name": "stdout",
     "output_type": "stream",
     "text": [
      "1066.4803222094422\n"
     ]
    }
   ],
   "source": [
    "crosscorrel1r = sum([((mnth * registered)/8690) for mnth,registered in zip(mnth,registered)])\n",
    "print(crosscorrel1r)"
   ]
  },
  {
   "cell_type": "code",
   "execution_count": 20,
   "metadata": {},
   "outputs": [
    {
     "name": "stdout",
     "output_type": "stream",
     "text": [
      "515.2294591484485\n"
     ]
    }
   ],
   "source": [
    "crosscorrel2 = sum([((hr * casual)/8690) for hr,casual in zip(hr,casual)])\n",
    "print(crosscorrel2)\n"
   ]
  },
  {
   "cell_type": "code",
   "execution_count": 21,
   "metadata": {},
   "outputs": [
    {
     "name": "stdout",
     "output_type": "stream",
     "text": [
      "2174.770425776742\n"
     ]
    }
   ],
   "source": [
    "crosscorrel2r = sum([((hr * registered)/8690) for hr,registered in zip(hr,registered)])\n",
    "print(crosscorrel2r)"
   ]
  },
  {
   "cell_type": "code",
   "execution_count": 22,
   "metadata": {},
   "outputs": [
    {
     "name": "stdout",
     "output_type": "stream",
     "text": [
      "110.49551208285403\n"
     ]
    }
   ],
   "source": [
    "crosscorrel3 = sum([((weekday * casual)/8690) for weekday,casual in zip(weekday,casual)])\n",
    "print(crosscorrel3)"
   ]
  },
  {
   "cell_type": "code",
   "execution_count": 23,
   "metadata": {},
   "outputs": [
    {
     "name": "stdout",
     "output_type": "stream",
     "text": [
      "467.9309551208323\n"
     ]
    }
   ],
   "source": [
    "crosscorrel3r = sum([((weekday * registered)/8690) for weekday,registered in zip(weekday,registered)])\n",
    "print(crosscorrel3r)"
   ]
  },
  {
   "cell_type": "code",
   "execution_count": 24,
   "metadata": {},
   "outputs": [
    {
     "name": "stdout",
     "output_type": "stream",
     "text": [
      "22.094598388952743\n"
     ]
    }
   ],
   "source": [
    "crosscorrel4 = sum([((temp * casual)/8690) for temp,casual in zip(temp,casual)])\n",
    "print(crosscorrel4)"
   ]
  },
  {
   "cell_type": "code",
   "execution_count": 25,
   "metadata": {},
   "outputs": [
    {
     "name": "stdout",
     "output_type": "stream",
     "text": [
      "86.12728423475284\n"
     ]
    }
   ],
   "source": [
    "crosscorrel4r = sum([((temp * registered)/8690) for temp,registered in zip(temp,registered)])\n",
    "print(crosscorrel4r)"
   ]
  },
  {
   "cell_type": "code",
   "execution_count": 26,
   "metadata": {},
   "outputs": [
    {
     "name": "stdout",
     "output_type": "stream",
     "text": [
      "19.07533256616804\n"
     ]
    }
   ],
   "source": [
    "crosscorrel5 = sum([((hum * casual)/8690) for hum,casual in zip(hum,casual)])\n",
    "print(crosscorrel5)"
   ]
  },
  {
   "cell_type": "code",
   "execution_count": 27,
   "metadata": {},
   "outputs": [
    {
     "name": "stdout",
     "output_type": "stream",
     "text": [
      "88.09908055235893\n"
     ]
    }
   ],
   "source": [
    "crosscorrel5r = sum([((hum * registered)/8690) for hum,registered in zip(hum,registered)])\n",
    "print(crosscorrel5r)"
   ]
  },
  {
   "cell_type": "code",
   "execution_count": 28,
   "metadata": {},
   "outputs": [
    {
     "name": "stdout",
     "output_type": "stream",
     "text": [
      "7.308107836593802\n"
     ]
    }
   ],
   "source": [
    "crosscorrel6 = sum([((windspeed * casual)/8690) for windspeed,casual in zip(windspeed,casual)])\n",
    "print(crosscorrel6)"
   ]
  },
  {
   "cell_type": "code",
   "execution_count": 29,
   "metadata": {},
   "outputs": [
    {
     "name": "stdout",
     "output_type": "stream",
     "text": [
      "30.717877134637426\n"
     ]
    }
   ],
   "source": [
    "crosscorrel6r= sum([((windspeed * registered)/8690) for windspeed,registered in zip(windspeed,registered)])\n",
    "print(crosscorrel6r)"
   ]
  },
  {
   "cell_type": "code",
   "execution_count": 30,
   "metadata": {},
   "outputs": [
    {
     "name": "stdout",
     "output_type": "stream",
     "text": [
      "[244.67364787111788, 515.2294591484485, 110.49551208285403, 22.094598388952743, 19.07533256616804, 7.308107836593802]\n"
     ]
    }
   ],
   "source": [
    "list.clear()\n",
    "\n",
    "list.append(crosscorrel1)\n",
    "list.append(crosscorrel2)\n",
    "list.append(crosscorrel3)\n",
    "list.append(crosscorrel4)\n",
    "list.append(crosscorrel5)\n",
    "list.append(crosscorrel6)\n",
    "print(list)"
   ]
  },
  {
   "cell_type": "code",
   "execution_count": null,
   "metadata": {},
   "outputs": [],
   "source": []
  },
  {
   "cell_type": "code",
   "execution_count": 31,
   "metadata": {},
   "outputs": [
    {
     "name": "stdout",
     "output_type": "stream",
     "text": [
      "[1066.4803222094422, 2174.770425776742, 467.9309551208323, 86.12728423475284, 88.09908055235893, 30.717877134637426]\n"
     ]
    }
   ],
   "source": [
    "reg.clear()\n",
    "reg.append(crosscorrel1r)\n",
    "reg.append(crosscorrel2r)\n",
    "reg.append(crosscorrel3r)\n",
    "reg.append(crosscorrel4r)\n",
    "reg.append(crosscorrel5r)\n",
    "reg.append(crosscorrel6r)\n",
    "print(reg)"
   ]
  },
  {
   "cell_type": "code",
   "execution_count": 32,
   "metadata": {},
   "outputs": [
    {
     "name": "stdout",
     "output_type": "stream",
     "text": [
      "\n",
      " matrix is:\n",
      " [[244.67364787 515.22945915 110.49551208  22.09459839  19.07533257\n",
      "    7.30810784]]\n",
      "The dimension of the matrix is : (1, 6)\n",
      "[[244.67364787]\n",
      " [515.22945915]\n",
      " [110.49551208]\n",
      " [ 22.09459839]\n",
      " [ 19.07533257]\n",
      " [  7.30810784]]\n",
      "The dimension of the matrix R0 is : (6, 1)\n"
     ]
    }
   ],
   "source": [
    "b = np.matrix('244.67364787111788, 515.2294591484485,  110.49551208285403, 22.094598388952743, 19.07533256616804, 7.308107836593802')  # limiting the data-type to int\n",
    "print('\\n matrix is:\\n', b)\n",
    "# using shape attribute to get the tuple describing matrix shape\n",
    "print('The dimension of the matrix is :', b.shape)\n",
    "R0 = b.transpose()\n",
    "print(R0)\n",
    "print('The dimension of the matrix R0 is :', R0.shape)"
   ]
  },
  {
   "cell_type": "code",
   "execution_count": 33,
   "metadata": {},
   "outputs": [
    {
     "name": "stdout",
     "output_type": "stream",
     "text": [
      "\n",
      " matrix is:\n",
      " [[1066.48032221 2174.77042578  467.93095512   86.12728423   88.09908055\n",
      "    30.71787713]]\n",
      "The dimension of the matrix is : (1, 6)\n",
      "[[1066.48032221]\n",
      " [2174.77042578]\n",
      " [ 467.93095512]\n",
      " [  86.12728423]\n",
      " [  88.09908055]\n",
      " [  30.71787713]]\n",
      "The dimension of the matrix R0 is : (6, 1)\n"
     ]
    }
   ],
   "source": [
    "br = np.matrix('1066.4803222094422, 2174.770425776742, 467.9309551208323, 86.12728423475284, 88.09908055235893, 30.717877134637426')  # limiting the data-type to int\n",
    "print('\\n matrix is:\\n', br)\n",
    "# using shape attribute to get the tuple describing matrix shape\n",
    "print('The dimension of the matrix is :', br.shape)\n",
    "rR0 = br.transpose()\n",
    "print(rR0)\n",
    "print('The dimension of the matrix R0 is :', rR0.shape)"
   ]
  },
  {
   "cell_type": "code",
   "execution_count": null,
   "metadata": {},
   "outputs": [],
   "source": []
  },
  {
   "cell_type": "code",
   "execution_count": 34,
   "metadata": {},
   "outputs": [],
   "source": [
    "#correlation matrix\n"
   ]
  },
  {
   "cell_type": "code",
   "execution_count": 35,
   "metadata": {},
   "outputs": [
    {
     "name": "stdout",
     "output_type": "stream",
     "text": [
      "[]\n",
      "54.57\n",
      "75.91829689298012\n",
      "19.712313003452515\n",
      "3.383153049482137\n",
      "4.211239355581131\n",
      "1.1839857767548843\n"
     ]
    }
   ],
   "source": [
    "r1 = []\n",
    "print(r1)\n",
    "e11 = round(sum([((mnth * mnth)/8690) for mnth,mnth in zip(mnth,mnth)]),2)\n",
    "print(e11)\n",
    "e12 = sum([((mnth * hr)/8690) for mnth,hr in zip(mnth,hr)])\n",
    "print(e12)\n",
    "e13 = sum([((mnth * weekday)/8690) for mnth,weekday in zip(mnth,weekday)])\n",
    "print(e13)\n",
    "e14= sum([((mnth * temp)/8690) for mnth,temp in zip(mnth,temp)])\n",
    "print(e14)\n",
    "e15 = sum([((mnth * hum)/8690) for mnth,hum in zip(mnth,hum)])\n",
    "print(e15)\n",
    "e16 = sum([((mnth * windspeed)/8690) for mnth,windspeed in zip(mnth,windspeed)])\n",
    "print(e16)\n"
   ]
  },
  {
   "cell_type": "code",
   "execution_count": 36,
   "metadata": {},
   "outputs": [
    {
     "name": "stdout",
     "output_type": "stream",
     "text": [
      "75.91829689298012\n",
      "182.8405063291175\n",
      "34.85569620253138\n",
      "5.954807825086271\n",
      "6.926104718066819\n",
      "2.3154127272727183\n"
     ]
    }
   ],
   "source": [
    "e21 = e12\n",
    "print(e21)\n",
    "e22 = sum([((hr * hr)/8690) for hr,hr in zip(hr,hr)])\n",
    "print(e22)\n",
    "e23 = sum([((hr * weekday)/8690) for hr,weekday in zip(hr,weekday)])\n",
    "print(e23)\n",
    "e24 = sum([((hr * temp)/8690) for hr,temp in zip(hr,temp)])\n",
    "print(e24)\n",
    "e25 = sum([((hr * hum)/8690) for hr,hum in zip(hr,hum)])\n",
    "print(e25)\n",
    "e26 = sum([((hr * windspeed)/8690) for hr,windspeed in zip(hr,windspeed)])\n",
    "print(e26)\n"
   ]
  },
  {
   "cell_type": "code",
   "execution_count": 37,
   "metadata": {},
   "outputs": [
    {
     "name": "stdout",
     "output_type": "stream",
     "text": [
      "19.712313003452515\n",
      "34.85569620253138\n",
      "13.04487917146127\n",
      "1.4920115074798508\n",
      "1.8704948216340522\n",
      "0.5739500690448739\n"
     ]
    }
   ],
   "source": [
    "e31 = e13\n",
    "print(e31)\n",
    "e32 = e23\n",
    "print(e32)\n",
    "e33 = sum([((weekday * weekday)/8690) for weekday,weekday in zip(weekday,weekday)])\n",
    "print(e33)\n",
    "e34 = sum([((weekday * temp)/8690) for weekday,temp in zip(weekday,temp)])\n",
    "print(e34)\n",
    "e35 = sum([((weekday * hum )/8690) for weekday,hum in zip(weekday,hum)])\n",
    "print(e35)\n",
    "e36 = sum([((weekday * windspeed)/8690) for weekday,windspeed in zip(weekday,windspeed)])\n",
    "print(e36)\n"
   ]
  },
  {
   "cell_type": "code",
   "execution_count": 38,
   "metadata": {},
   "outputs": [
    {
     "name": "stdout",
     "output_type": "stream",
     "text": [
      "[]\n"
     ]
    }
   ],
   "source": [
    "print(r1)"
   ]
  },
  {
   "cell_type": "code",
   "execution_count": 39,
   "metadata": {},
   "outputs": [
    {
     "name": "stdout",
     "output_type": "stream",
     "text": [
      "3.383153049482137\n",
      "5.954807825086271\n",
      "1.4920115074798508\n",
      "0.2841537859608781\n",
      "0.3092558573072513\n",
      "0.09379834522439558\n"
     ]
    }
   ],
   "source": [
    "e41 = e14\n",
    "print(e41)\n",
    "e42 = e24\n",
    "print(e42)\n",
    "e43 = e34\n",
    "print(e43)\n",
    "e44 = sum([((temp * temp)/8690) for temp,temp in zip(temp,temp)])\n",
    "print(e44)\n",
    "e45 = sum([((temp * hum )/8690) for temp,hum in zip(temp,hum)])\n",
    "print(e45)\n",
    "e46 = sum([((temp * windspeed )/8690) for temp,windspeed in zip(temp,windspeed)])\n",
    "print(e46)\n"
   ]
  },
  {
   "cell_type": "code",
   "execution_count": 40,
   "metadata": {},
   "outputs": [
    {
     "name": "stdout",
     "output_type": "stream",
     "text": [
      "4.211239355581131\n",
      "6.926104718066819\n",
      "1.8704948216340522\n",
      "0.3092558573072513\n",
      "0.43071116225548023\n",
      "0.11227048653624837\n"
     ]
    }
   ],
   "source": [
    "e51 = e15\n",
    "print(e51)\n",
    "e52 = e25\n",
    "print(e52)\n",
    "e53 = e35\n",
    "print(e53)\n",
    "e54 = e45\n",
    "print(e54)\n",
    "e55 = sum([((hum * hum )/8690) for hum,hum in zip(hum,hum)])\n",
    "print(e55)\n",
    "e56 = sum([((hum * windspeed )/8690) for hum,windspeed in zip(hum,windspeed)])\n",
    "print(e56)\n"
   ]
  },
  {
   "cell_type": "code",
   "execution_count": 41,
   "metadata": {},
   "outputs": [
    {
     "name": "stdout",
     "output_type": "stream",
     "text": [
      "1.1839857767548843\n",
      "2.3154127272727183\n",
      "0.5739500690448739\n",
      "0.09379834522439558\n",
      "0.11227048653624837\n",
      "0.0510117986260058\n"
     ]
    }
   ],
   "source": [
    "e61 = e16\n",
    "print(e61)\n",
    "e62 = e26\n",
    "print(e62)\n",
    "e63 = e36\n",
    "print(e63)\n",
    "e64 = e46\n",
    "print(e64)\n",
    "e65 = e56\n",
    "print(e65)\n",
    "e66 = sum([((windspeed * windspeed )/8690) for windspeed,windspeed in zip(windspeed,windspeed)])\n",
    "print(e66)\n"
   ]
  },
  {
   "cell_type": "code",
   "execution_count": 42,
   "metadata": {},
   "outputs": [],
   "source": [
    "#for i in range(1, 7):\n",
    "#for j in range(1, 7):\n",
    "        #a='e'+str(i)+str(j)\n",
    "        #t = eval(a)\n",
    "        #gir.append(t)\n",
    "        \n",
    "        "
   ]
  },
  {
   "cell_type": "code",
   "execution_count": 43,
   "metadata": {},
   "outputs": [],
   "source": [
    "#gir.clear()\n",
    "#print(gir)"
   ]
  },
  {
   "cell_type": "code",
   "execution_count": 44,
   "metadata": {},
   "outputs": [
    {
     "name": "stdout",
     "output_type": "stream",
     "text": [
      "[]\n"
     ]
    }
   ],
   "source": [
    "r1.clear()\n",
    "print(r1)\n"
   ]
  },
  {
   "cell_type": "code",
   "execution_count": 45,
   "metadata": {},
   "outputs": [],
   "source": [
    "for i in range(1, 7): #appending all values into a list r1\n",
    "    for j in range(1, 7):\n",
    "        a='e'+str(i)+str(j)\n",
    "        t = eval(a)\n",
    "        r1.append(t)"
   ]
  },
  {
   "cell_type": "code",
   "execution_count": 46,
   "metadata": {},
   "outputs": [
    {
     "name": "stdout",
     "output_type": "stream",
     "text": [
      "[54.57, 75.91829689298012, 19.712313003452515, 3.383153049482137, 4.211239355581131, 1.1839857767548843, 75.91829689298012, 182.8405063291175, 34.85569620253138, 5.954807825086271, 6.926104718066819, 2.3154127272727183, 19.712313003452515, 34.85569620253138, 13.04487917146127, 1.4920115074798508, 1.8704948216340522, 0.5739500690448739, 3.383153049482137, 5.954807825086271, 1.4920115074798508, 0.2841537859608781, 0.3092558573072513, 0.09379834522439558, 4.211239355581131, 6.926104718066819, 1.8704948216340522, 0.3092558573072513, 0.43071116225548023, 0.11227048653624837, 1.1839857767548843, 2.3154127272727183, 0.5739500690448739, 0.09379834522439558, 0.11227048653624837, 0.0510117986260058]\n"
     ]
    },
    {
     "data": {
      "text/plain": [
       "36"
      ]
     },
     "execution_count": 46,
     "metadata": {},
     "output_type": "execute_result"
    }
   ],
   "source": [
    "print(r1)\n",
    "len(r1) #list containnig correlation values"
   ]
  },
  {
   "cell_type": "code",
   "execution_count": 47,
   "metadata": {},
   "outputs": [
    {
     "name": "stdout",
     "output_type": "stream",
     "text": [
      "[[5.45700000e+01 7.59182970e+01 1.97123130e+01 3.38315300e+00\n",
      "  4.21123900e+00 1.18398600e+00]\n",
      " [7.59182970e+01 1.82840506e+02 3.48556960e+01 5.95480800e+00\n",
      "  6.92610500e+00 2.31541300e+00]\n",
      " [1.97123130e+01 3.48556960e+01 1.30448790e+01 1.49201200e+00\n",
      "  1.87049500e+00 5.73950000e-01]\n",
      " [3.38315300e+00 5.95480800e+00 1.49201200e+00 2.84154000e-01\n",
      "  3.09256000e-01 9.37980000e-02]\n",
      " [4.21123900e+00 6.92610500e+00 1.87049500e+00 3.09256000e-01\n",
      "  4.30711000e-01 1.12270000e-01]\n",
      " [1.18398600e+00 2.31541300e+00 5.73950000e-01 9.37980000e-02\n",
      "  1.12270000e-01 5.10120000e-02]]\n",
      "\n",
      "[[ 8.96701588e-02 -3.84726833e-03 -9.48845083e-03 -4.44205652e-01\n",
      "  -4.65548612e-01  4.15283322e-02]\n",
      " [-3.84726833e-03  1.99285864e-02 -6.54747586e-03 -2.14165881e-01\n",
      "  -2.34181050e-02 -2.96251677e-01]\n",
      " [-9.48845083e-03 -6.54747586e-03  2.30408351e-01 -2.76089054e-01\n",
      "  -4.59240214e-01 -5.56595883e-01]\n",
      " [-4.44205652e-01 -2.14165881e-01 -2.76089054e-01  2.41574249e+01\n",
      "  -6.59551616e+00 -6.76629985e+00]\n",
      " [-4.65548612e-01 -2.34181050e-02 -4.59240214e-01 -6.59551616e+00\n",
      "   1.49619813e+01 -3.76634653e+00]\n",
      " [ 4.15283322e-02 -2.96251677e-01 -5.56595883e-01 -6.76629985e+00\n",
      "  -3.76634653e+00  5.90791842e+01]]\n"
     ]
    }
   ],
   "source": [
    "k = np.round(r1,6)\n",
    "o = k.shape  \n",
    "z=np.reshape(k,(6, 6))\n",
    "pp = np.asmatrix(z)\n",
    "print(pp)\n",
    "print()\n",
    "pp_inv = np.linalg.inv(pp)\n",
    "print(pp_inv)"
   ]
  },
  {
   "cell_type": "code",
   "execution_count": 48,
   "metadata": {},
   "outputs": [
    {
     "name": "stdout",
     "output_type": "stream",
     "text": [
      "A matrix for casual is :\n",
      "[[  0.51772108]\n",
      " [  1.25934647]\n",
      " [  0.83616304]\n",
      " [108.95149776]\n",
      " [-64.56253588]\n",
      " [  6.43600888]]\n"
     ]
    }
   ],
   "source": [
    "xy = pp_inv.dot(R0)\n",
    "print('A matrix for casual is :')\n",
    "print(xy)"
   ]
  },
  {
   "cell_type": "code",
   "execution_count": 49,
   "metadata": {},
   "outputs": [
    {
     "name": "stdout",
     "output_type": "stream",
     "text": [
      "A matrix for registered is :\n",
      "[[   4.82762565]\n",
      " [   6.56443597]\n",
      " [   2.12181157]\n",
      " [ 223.01929549]\n",
      " [-127.93141868]\n",
      " [  39.77374554]]\n"
     ]
    }
   ],
   "source": [
    "xyr = pp_inv.dot(rR0)\n",
    "print('A matrix for registered is :')\n",
    "print(xyr)"
   ]
  },
  {
   "cell_type": "code",
   "execution_count": 50,
   "metadata": {},
   "outputs": [],
   "source": [
    "a1 = xy.item(0)\n",
    "a2 = xy.item(1)\n",
    "a3 = xy.item(2)\n",
    "a4 = xy.item(3)\n",
    "a5 = xy.item(4)\n",
    "a6 = xy.item(5)\n",
    "a1r = xyr.item(0)\n",
    "a2r = xyr.item(1)\n",
    "a3r = xyr.item(2)\n",
    "a4r = xyr.item(3)\n",
    "a5r = xyr.item(4)\n",
    "a6r = xyr.item(5)\n",
    "\n",
    "\n"
   ]
  },
  {
   "cell_type": "code",
   "execution_count": 51,
   "metadata": {},
   "outputs": [
    {
     "name": "stdout",
     "output_type": "stream",
     "text": [
      "4.827625650966866\n"
     ]
    }
   ],
   "source": [
    "print(a1r)"
   ]
  },
  {
   "cell_type": "code",
   "execution_count": 55,
   "metadata": {},
   "outputs": [
    {
     "data": {
      "text/plain": [
       "3475"
      ]
     },
     "execution_count": 55,
     "metadata": {},
     "output_type": "execute_result"
    }
   ],
   "source": [
    "hr_test = df_test['hr'].values.tolist()\n",
    "len(hr_test)"
   ]
  },
  {
   "cell_type": "code",
   "execution_count": 56,
   "metadata": {},
   "outputs": [
    {
     "data": {
      "text/plain": [
       "3475"
      ]
     },
     "execution_count": 56,
     "metadata": {},
     "output_type": "execute_result"
    }
   ],
   "source": [
    "mnth_test = df_test['mnth'].values.tolist()\n",
    "len(mnth_test)\n"
   ]
  },
  {
   "cell_type": "code",
   "execution_count": 57,
   "metadata": {},
   "outputs": [
    {
     "data": {
      "text/plain": [
       "3475"
      ]
     },
     "execution_count": 57,
     "metadata": {},
     "output_type": "execute_result"
    }
   ],
   "source": [
    "temp_test = df_test['temp'].values.tolist()\n",
    "len(temp_test)"
   ]
  },
  {
   "cell_type": "code",
   "execution_count": 58,
   "metadata": {},
   "outputs": [
    {
     "data": {
      "text/plain": [
       "3475"
      ]
     },
     "execution_count": 58,
     "metadata": {},
     "output_type": "execute_result"
    }
   ],
   "source": [
    "wd_test = df_test['weekday'].values.tolist()\n",
    "len(wd_test)"
   ]
  },
  {
   "cell_type": "code",
   "execution_count": 59,
   "metadata": {},
   "outputs": [
    {
     "data": {
      "text/plain": [
       "3475"
      ]
     },
     "execution_count": 59,
     "metadata": {},
     "output_type": "execute_result"
    }
   ],
   "source": [
    "hum_test = df_test['hum'].values.tolist()\n",
    "len(hum_test)"
   ]
  },
  {
   "cell_type": "code",
   "execution_count": 60,
   "metadata": {},
   "outputs": [
    {
     "data": {
      "text/plain": [
       "3475"
      ]
     },
     "execution_count": 60,
     "metadata": {},
     "output_type": "execute_result"
